0 0.04179605 0.03340336 0.30850026686718884 0.47766749654223034 0.3483917702141872
1 0.02697449 0.02827194 0.40174396593751294 0.5189441702916363 0.45364463760566553
2 0.02440467 0.03475388 0.40324495004230926 0.5298865949334273 0.4554449821801788
3 0.02258096 0.02299119 0.42055034424940635 0.538761864034433 0.48152454039484305
4 0.02138384988700132 0.025650081678571107 0.3920528690032715 0.4715259159841118 0.51418767651318
5 0.020554860806355556 0.025071487992176008 0.3717152137002963 0.5022232398263928 0.43673993899543556
6 0.01953893978651002 0.020622294637058402 0.43198583148819225 0.6044229327097826 0.47675241790310063
7 0.018535853149616092 0.021249548125556104 0.45633516461766505 0.5667710277254023 0.5201000578889364
8 0.018059777928911776 0.019767826341316276 0.454122301828432 0.5730457173456123 0.5201894117754557
9 0.01716224883545666 0.018393382993602037 0.4660934378728067 0.6573271415983764 0.5183794965401096
10 0.016698994664582117 0.024155856443538952 0.43892096240262857 0.5409292721713701 0.5474658717852704
11 0.016594646034556775 0.018088330822302066 0.4919661473375913 0.6171431108758293 0.5627720437354589
12 0.015552675084145751 0.01675225396836327 0.5016249860695464 0.6357578544648106 0.565861269003725
13 0.015244995584485322 0.016645646522866937 0.4959575900727385 0.6296963823406 0.5487082744189076
14 0.014387810247047658 0.018012491478552443 0.5080431300612652 0.613139338256079 0.5636213325802636
15 0.014218725473242533 0.016446873739224106 0.5055270003192928 0.6363350313779753 0.5568921227514436
16 0.013777454605730403 0.01524757326303123 0.5007414979747067 0.6790191268440023 0.5508196354445181
17 0.013427533993711816 0.017225812802276214 0.5226033356234674 0.6430011797331211 0.583907430246845
18 0.01304355986672647 0.017294268147464986 0.5019982343507983 0.7133578085457722 0.5506393553132343
19 0.012523070932283095 0.017574594495925563 0.5182311742615434 0.696951957408809 0.5788059530769414
20 0.01254338429288437 0.017287586787694046 0.4757014836435604 0.6894034635666594 0.5278607212959517
21 0.012261973604848613 0.015516310005382082 0.5217998422781825 0.6265315983922957 0.6104062019582205
22 0.011688658285601755 0.014985907659381972 0.5295925470933729 0.6865073278057562 0.5777332284882882
23 0.01152640066012746 0.014502638791780273 0.5411838400947668 0.6609955908041266 0.6115884188933328
24 0.011032487523913996 0.018612316196599404 0.5233762454811539 0.6555000317929356 0.573171003593933
25 0.010718069322106748 0.014756002579546828 0.5380729907110191 0.748314211260519 0.5915703628342404
26 0.010290634527083628 0.013862638930009365 0.5334251406730054 0.7068604772287971 0.5873591823578482
27 0.010070867391620619 0.014751389196817925 0.5072880855732731 0.7072992454315161 0.5588111685341075
28 0.009781377827516655 0.014065883875185705 0.5585050609531245 0.7003816146791633 0.6138225354058587
29 0.0096000384093038 0.01425190058732556 0.5544285890593732 0.69682620614937 0.6097056900465339
30 0.00928440804531766 0.016275685448328563 0.5486284422668218 0.6670666234254328 0.6056946566785606
31 0.009051796036358877 0.015598212168756313 0.5552381610874234 0.6859566687526716 0.610025839280304
32 0.008665017831883514 0.015604313093024643 0.5622436322025011 0.7042622670588538 0.6179797763237197
33 0.00840087884837469 0.015518632631396174 0.5580326413607166 0.6903792469864545 0.6111365300315748
34 0.007941219907809313 0.015838121412446674 0.5514015103795394 0.7054845334296987 0.6052139193877305
35 0.007758420501707122 0.01677547072385186 0.5648004962744084 0.7439600241774376 0.6174520793505192
36 0.007658148684880275 0.016183211283186155 0.568611039497828 0.7237318369585632 0.6251589453091599
37 0.00724495042221508 0.017374616051759512 0.5505371718179712 0.709467233846635 0.598146496888716
38 0.006722602677653434 0.017664547321358675 0.5661419457907131 0.7139833845497978 0.619549440856227
39 0.0067303107267767835 0.01716151501441387 0.5703094056717954 0.7225557907424195 0.6294123505364317
40 0.00625356291698792 0.019306255569014757 0.5434253567313845 0.7247650409036864 0.5957722487770238
41 0.006018885325886436 0.01808762167931016 0.5767176077995072 0.7422877430578709 0.6303304371855458
42 0.005895663858175914 0.0179739279078866 0.5796406441200945 0.7266803080267583 0.6403132189523401
43 0.005440466895113236 0.02222599440381172 0.5612833900860931 0.7171003586945077 0.6110735728713659
44 0.00519699445962847 0.022638434965774314 0.5733367615793432 0.7255966164532333 0.6280276543543689
45 0.0049755380051810785 0.02109749743813868 0.5811538362974233 0.7323819056655342 0.6373892998039311
46 0.004760840864606811 0.024128686535595883 0.5763872826336824 0.7044194382583226 0.6328751162412676
47 0.004547146260929866 0.02223642971194575 0.5843407720118132 0.7288355546928582 0.6431298416895372
48 0.004677697849714412 0.022165243821455204 0.5811464840862428 0.7340467996480472 0.6367227966501452
49 0.004166039151016928 0.025085625204302835 0.578976089391457 0.7334923964633794 0.6306556433238779
50 0.003976405624001217 0.02639501532389165 0.5734627760592633 0.7167482188455738 0.6252062283885006
51 0.0039823470506839195 0.025971378300846587 0.5820119881175294 0.723903801365628 0.6395936722664947
52 0.0038468883282251985 0.025626528354288525 0.581784344834126 0.712179359435652 0.639342168794208
53 0.0039519142871740996 0.021618976946016794 0.5819463250913334 0.7166963316742987 0.6377752271659191
54 0.0037676541509600956 0.024245883202649154 0.5874812693648548 0.726344836174916 0.6451491609950938
55 0.003302409077197985 0.026719645702432817 0.5803284164697232 0.7231905549536118 0.6430848429574403
56 0.003234667176533212 0.026814816153971757 0.5873388236502949 0.7285909584856172 0.6412059472259333
57 0.003192415187513171 0.028386154263678243 0.5861455887721851 0.7310937686627174 0.6404420693093029
58 0.0030286227002704552 0.028174984628037823 0.5899768629155022 0.7366886941289015 0.6389689152830994
59 0.0029470516369115014 0.029606024732525025 0.5875409843680933 0.7280678989510186 0.6401805724841878
60 0.0029471729730707755 0.02534526588038195 0.5873648326284797 0.7386745698862202 0.6365026387492354
61 0.003240053743210917 0.022649132657374577 0.599539872533725 0.7373889168210037 0.6560716553505836
62 0.002734676707932227 0.025837155243953986 0.5912655856542259 0.7391948223882798 0.6419100324807494
63 0.0025767812165831236 0.028389932482350642 0.5886480347789355 0.7461229554894483 0.6355419958280416
64 0.002518598344353771 0.028364202816374858 0.5905843911274674 0.7380698605032276 0.6426966464118806
65 0.0024825807700589882 0.027754735550036606 0.5882006743702646 0.7455142791937246 0.633665521057929
66 0.002719876614202973 0.03136857942082246 0.5843577747158673 0.7103448761953598 0.6433346684947816
67 0.002505480884635116 0.029471532119046597 0.5901563397693195 0.7500576493879165 0.6360580113434272
68 0.0022815543472893556 0.03059116503391544 0.5920016845744814 0.7370901971901713 0.6429023375052001
69 0.00224051033189029 0.031794588586990885 0.5876204687707657 0.7382128091996513 0.6376612012589498
70 0.002227203668043247 0.03079730234653033 0.5959614412508245 0.7382948294766141 0.6467232249000233
71 0.0022127994834439894 0.03185521614228055 0.5928961224201719 0.7462790065458993 0.6399626711641404
72 0.0021643769822737805 0.03117225831051897 0.593588516638622 0.7453937191670515 0.6426795194595477
73 0.0021053036730463983 0.03175561776595496 0.5957653746494603 0.7413112089253938 0.6482666253633338
74 0.002060589152795199 0.03128195546059837 0.5981891991768141 0.7456596680994821 0.647893141886555
75 0.0020106194604198515 0.031179491609042428 0.602003951824539 0.731588318446148 0.6568807326640985
76 0.0019774440163728064 0.033796790914123936 0.5948658848107466 0.7328509921861293 0.6439987837678979
